7.66931713842427e7	123.32734268622652	2.1638349010567894e17	2.3304039316457395e26
9.662770724469934e7	123.32453954831695	2.163751531936059e17	4.6608079029250935e26
1.217440621818492e8	123.32120224495243	2.1636522782670566e17	9.321615847139536e26
1.5338949614143085e8	123.31590458635729	2.1634947269247344e17	1.8643231728945483e27
1.9326185305527273e8	123.30749503439485	2.163244640124633e17	3.728646349586885e27
2.435010854468282e8	123.29414559896756	2.1628476783505414e17	7.457292703302704e27
3.0680497028315616e8	123.27295443274838	2.1622176071471882e17	1.4914585409740904e28
3.8657570630118227e8	123.23931490158776	2.1612175987112147e17	2.9829170778574785e28
4.6327240924087e8	123.19585971713242	2.159926103533487e17	5.132706398259342e28
5.206065242807794e8	123.15304187830623	2.1586538719488717e17	7.2824957186456885e28
6.077550618757774e8	123.09587823139948	2.1569560248905414e17	1.1582074359451495e29
7.314777074897805e8	122.99792627361701	2.1540482635382448e17	2.018123164106311e29
8.986096518420385e8	122.83510698271502	2.1492192321050323e17	3.737954620428633e29
1.117504552282956e9	122.56989896489162	2.1413651316823872e17	7.177617533069967e29
1.3993370024354966e9	122.14302518410716	2.1287538320060365e17	1.4056943358355948e30
1.707989314836283e9	121.53805535927408	2.1109423339535034e17	2.547374711861256e30
2.1604412833813043e9	120.52829978621824	2.081395476257442e17	5.122924619968613e30
2.3622223901852345e9	119.6431808276723	2.0556189853237955e17	6.67534060947103e30
2.5352273275689106e9	119.03262722094865	2.0379436360190512e17	8.227756598973116e30
2.7084205963101e9	118.42248846995169	2.0203596862189558e17	1.0000121513443724e31
2.8626641028251686e9	117.81288001355637	2.0028667148861062e17	1.177248642791433e31
3.0168544073499765e9	117.20411999100067	1.985477787945858e17	1.373560270776752e31
3.1574115471701403e9	116.59620777268798	1.968189741034072e17	1.5698718987620372e31
3.427915079243484e9	115.67131593286959	1.942064270613577e17	1.9964125772633809e31
3.5578062927791014e9	114.77632726965957	1.9169106064529603e17	2.225008073343981e31
3.6794674784192557e9	114.17255228559921	1.900051301789366e17	2.4536035694245805e31
3.8575588988425546e9	113.41829390430483	1.8791087578461286e17	2.8141573069439633e31
3.9724292994552035e9	112.67351094766993	1.8585274375657773e17	3.0634711191254902e31
4.084225601387155e9	112.07341255267475	1.8420351871488147e17	3.3189943770628143e31
4.299770074804162e9	111.16299269455267	1.8171781471715942e17	3.8482407513461733e31
4.404901472317353e9	110.27701352543721	1.7931041205206518e17	4.124239003914416e31
4.505772563751674e9	109.68239932929494	1.777046730473006e17	4.400237256482694e31
4.60649648478475e9	109.08924665598467	1.761096250416645e17	4.686884868383356e31
4.703513784847436e9	108.49759162839709	1.745250265763883e17	4.973532480283985e31
4.800389889088041e9	107.90753977970253	1.729510139019866e17	5.2701867172044905e31
4.894007003950907e9	107.31914538229584	1.713873619108633e17	5.566840954125029e31
5.078089107610338e9	106.4329903241128	1.6904544942018067e17	6.179012412106161e31
5.168548611025994e9	105.56420381431128	1.667576573106514e17	6.494010506730192e31
5.25642373809618e9	104.98296782914363	1.6523530178890445e17	6.809008601354256e31
5.344172873019032e9	104.40353313020374	1.6372320457014342e17	7.132447002371874e31
5.429596603510504e9	103.82587121078497	1.62221177583235e17	7.455885403389493e31
5.514898825010232e9	103.25000006097409	1.607292983455241e17	7.787332096241755e31
5.598096619324912e9	102.67589222512919	1.592473885036386e17	8.11877878909402e31
5.701974940538769e9	102.02973052790368	1.575864266586859e17	8.543974904648041e31
5.802893411623747e9	101.31673239582379	1.5576119652925312e17	8.969171020202064e31
5.923496241167821e9	100.53406011426378	1.537678413445966e17	9.492985717061083e31
6.040343560633118e9	99.68755241401257	1.51622790296406e17	1.0016800413920102e32
6.118254543316612e9	98.98882021970654	1.498604250118646e17	1.0374996459198266e32
6.194657983454074e9	98.42778348990528	1.484518882952598e17	1.0733192504476429e32
6.270957355803973e9	97.86848660211348	1.470529897361848e17	1.1097744693012883e32
6.34586567679545e9	97.31090586440575	1.456635854207186e17	1.1462296881549336e32
6.420673350392144e9	96.75505276544743	1.4428371125817395e17	1.1832921389116609e32
6.494193673106989e9	96.20090428363868	1.4291322904491994e17	1.2203545896683879e32
6.640907788799478e9	95.36436801621991	1.4085623424421296e17	1.2961959239669078e32
6.7125051470956335e9	94.54253549328088	1.3884298440048878e17	1.3341165911161677e32
6.78300789632365e9	93.99920097603267	1.3751955486841632e17	1.3720372582654273e32
6.853939597892819e9	93.45550041427431	1.362002910544088e17	1.4107671697385033e32
6.923835558814043e9	92.9115075816603	1.3488533768654357e17	1.4494970812115792e32
6.9936430859182205e9	92.36919375516224	1.3357949440803378e17	1.4887360134781025e32
7.062483223678502e9	91.82853810750264	1.322826418270188e17	1.527974945744626e32
7.19988478134942e9	91.0135815182801	1.3033927793894827e17	1.607895332780033e32
7.267249643749713e9	90.211723002182	1.2843450143953749e17	1.647855526297736e32
7.333776245656368e9	89.68080317082726	1.2718067913194802e17	1.6878157198154397e32
7.400964800667437e9	89.14850787092769	1.2592853390220866e17	1.7286721493489547e32
7.467348909197249e9	88.6149425586906	1.2467830571801438e17	1.7695285788824697e32
7.532961624065934e9	88.0858456037748	1.2344343409831659e17	1.810385008415985e32
7.597834042039286e9	87.56108325721607	1.2222349562064715e17	1.8512414379495e32
7.6955860329168825e9	86.90245829439793	1.206999623051326e17	1.913663171927506e32
7.791775051321845e9	86.116604594785	1.1889110573953334e17	1.9760849059055125e32
7.856041797683679e9	85.46594949080698	1.1740092358281906e17	2.018337404027036e32
7.919659226709216e9	84.94417120584419	1.1621187222805518e17	2.060589902148559e32
7.982651733329551e9	84.42629688732575	1.1503646712185621e17	2.1028424002700794e32
8.045042435659129e9	83.9122224514422	1.1387437654092443e17	2.1450948983916027e32
8.107889555973516e9	83.39753277281187	1.1271560627096531e17	2.1880590768364567e32
8.17015899715985e9	82.8822897057468	1.1156028211843378e17	2.2310232552813108e32
8.293050807919797e9	82.11329251014558	1.0984652438032059e17	2.3169516121710196e32
8.354627927178242e9	81.35405498964082	1.0816142232968034e17	2.3605701327090523e32
8.416459809282897e9	79.8309007802055	1.0703901891481245e17	2.4041886532470857e32
8.447961284589307e9	77.48250549207482	1.0620657972870085e17	2.425997913516102e32
8.479330527909126e9	77.23220379783459	1.0565489203967798e17	2.4478071737851185e32
8.526913414391374e9	75.93035919014896	1.0496788511251723e17	2.4806353824877162e32
8.574858504992478e9	74.51722586970791	1.0414977398138821e17	2.5134635911903147e32
8.623620793963503e9	72.9513035024097	1.0333639816893611e17	2.5465204364910686e32
8.648076921699411e9	72.11246860556966	1.0273010758363166e17	2.5630488591414473e32
8.67270366183414e9	71.20758608215479	1.023278727170871e17	2.579577281791826e32
8.68995572932748e9	70.07370447729097	1.0198911611725842e17	2.591026922680658e32
8.707313528063528e9	69.37003239104152	1.0171282741321451e17	2.6024765635694865e32
8.742273249933722e9	68.4731034108398	1.012998723308759e17	2.625375845347147e32
8.756718638136072e9	67.40984188843818	1.0091475376938074e17	2.6347437333470987e32
8.771224599093287e9	66.9067854532209	1.0069181577924598e17	2.6441116213470503e32
8.785771383043825e9	66.49839704212785	1.0046956149498539e17	2.653479509347002e32
8.813419527178164e9	65.77083405399515	1.0014951853958645e17	2.6711744089024685e32
8.826534596270964e9	64.9472244871702	9.98436017880889e16	2.6795014204579798e32
8.839755977637142e9	64.23304485121038	9.964836941118242e16	2.6878284320134907e32
8.865437231445795e9	63.34740596620646	9.936375508672507e16	2.7038501731071277e32
8.88712296552201e9	62.7150930205972	9.902101902691202e16	2.7173159497988427e32
8.896415304336245e9	62.5072213534626	9.879849938759099e16	2.7230869969524357e32
8.908788806250254e9	62.437246310238585	9.864305597267597e16	2.7307817264905574e32
8.924993830868786e9	59.40234833653537	9.844374655989429e16	2.7404001384132078e32
8.941167277710918e9	59.30279614515998	9.82231212926193e16	2.7500185503358618e32
8.972891364387493e9	59.15565063316937	9.789703050104688e16	2.7689392331724696e32
9.010381023489014e9	58.94414274060617	9.742774613337426e16	2.7913911397694487e32
9.029063361822063e9	58.77363117561131	9.704901400013203e16	2.802617093067938e32
9.038389055873388e9	58.68879446720201	9.68604550931195e16	2.8082300697171813e32
9.043048052461481e9	58.646478845247145	9.676637610186477e16	2.8110365580418038e32
9.045376590389536e9	58.62534751698412	9.67193865572042e16	2.8124398022041147e32
9.04770448890499e9	58.61127031124991	9.668807681709747e16	2.813843046366426e32
9.048868198509901e9	58.600721128812886	9.666460696564062e16	2.8145446684475812e32
9.050031748492817e9	58.593688763926224	9.664896454580667e16	2.8152462905287365e32
9.050613463653288e9	58.588415509843784	9.663723584008634e16	2.815597101569315e32
9.051195138940577e9	58.584900534935336	9.662941773890006e16	2.8159479126098932e32
9.051485961634644e9	58.58226467775648	9.662355493976736e16	2.8161233181301807e32
9.05177677436418e9	58.580507536964866	9.661964666587963e16	2.8162987236504683e32
9.05192217699261e9	58.57918977228941	9.661671565458491e16	2.8163864264106128e32
9.052067577218021e9	58.57827598030095	9.66147617117591e16	2.8164741291707577e32
9.05214027630917e9	58.57768775115159	9.661329630315973e16	2.8165179805508297e32
9.052176625599365e9	58.57739364065053	9.66125636109918e16	2.816539906240866e32
9.052194800202526e9	58.577175974176285	9.661219726793957e16	2.816550869085882e32
9.052203887493608e9	58.57706714139214	9.661201409717107e16	2.816556350508394e32
9.052208431136522e9	58.577012725112034	9.661192251197592e16	2.8165590912196496e32
9.05221070295734e9	58.576985516999706	9.66118767194275e16	2.8165604615752775e32
9.052211838867561e9	58.576971912950654	9.66118538231646e16	2.8165611467530895e32
9.052212406822641e9	58.576965110926544	9.661184237503518e16	2.8165614893419978e32
9.052212690800167e9	58.576961709915864	9.661183665097138e16	2.8165616606364532e32
9.05221283278898e9	58.57696000941007	9.661183378893882e16	2.8165617462836793e32
9.052212903783321e9	58.5769591591576	9.661183235792573e16	2.8165617891072924e32
9.052212974777729e9	58.57695859232316	9.661183140391464e16	2.8165618319309054e32
9.05221307597844e9	52.56854753984872	9.661183031669571e16	2.816561886713444e32
9.052213177179186e9	52.56854711714119	9.661182909626738e16	2.8165619414959824e32
9.052213379580612e9	52.56854648307864	9.66118272656245e16	2.8165620510610627e32
9.052213784383514e9	52.568545214955904	9.661182360434282e16	2.81656227019122e32
9.052214593989239e9	52.568542678710386	9.661181628178064e16	2.8165627084515338e32
9.05221621320043e9	52.568537606220076	9.661180163665637e16	2.8165635849721633e32
9.05221945162165e9	52.56852746124177	9.661177234641923e16	2.816565338013424e32
9.052225928459652e9	52.568507171298506	9.661171376599374e16	2.816568844095943e32
9.05223888211779e9	52.56846659146477	9.661159660533072e16	2.8165758562609802e32
9.052266431975845e9	52.568382001460634	9.66113523802316e16	2.8165907697859823e32
9.05233448485278e9	52.568182338812996	9.661077592260762e16	2.816627609001017e32
9.052455992838911e9	52.56778644948841	9.660963293124661e16	2.8166933860711223e32
9.052699002545115e9	52.56702517220032	9.660743502449662e16	2.8168249402113393e32
9.053023002491606e9	52.56584102262052	9.660401626587091e16	2.8170003457316286e32
9.053346987588572e9	52.56448779930638	9.660010942919525e16	2.8171757512519176e32
9.053994913243448e9	52.56245808909739	9.659424964815552e16	2.817526562292496e32
9.054966690411634e9	52.55907568717976	9.658448492591344e16	2.8180527788533637e32
9.056262185609856e9	52.55434126571197	9.65708176302387e16	2.8187544009345204e32
9.058852464480267e9	52.54622713405673	9.65473955540059e16	2.8201576450968277e32
9.062736106108662e9	52.532710738249115	9.650838397846006e16	2.8222625113402975e32
9.06985059051085e9	52.5097503390491	9.644212849261446e16	2.8261214327866507e32
9.080831794890387e9	52.471469447258514	9.633319506485312e16	2.8320852204764705e32
9.104030573197897e9	52.39952629744892	9.61275622060701e16	2.8447144179372704e32
9.150205932104095e9	52.252153215524224	9.571094188375906e16	2.8699728128588637e32
9.191008630678698e9	52.06482763128296	9.519225404082022e16	2.892424719455839e32
9.27286307515116e9	51.78332348487239	9.446195149669683e16	2.937823436917662e32
9.355084772999985e9	50.6478822420453	9.35039118513601e16	2.983222154379485e32
9.51737327589224e9	49.998293100625546	9.209527474825782e16	3.074019589303131e32
9.837178154457485e9	48.725795607874474	8.936723812898978e16	3.2574252655929154e32
1.0149825885562485e10	47.15845001430743	8.596372854339157e16	3.4424835922129355e32
1.0456096827159025e10	45.66037133550931	8.276279135183531e16	3.629046091515884e32
1.0756006696954626e10	44.3240114586885	7.974358101758822e16	3.816973115306196e32
1.0903719346316298e10	43.37446316756678	7.760532904733763e16	3.911406913387316e32
1.1049988087410015e10	42.76942022597372	7.62153661309567e16	4.0061331018512876e32
1.1266862188634113e10	42.031912411783026	7.452169388152848e16	4.148769156933923e32
1.1516345534468264e10	41.06579298333222	7.240423660448086e16	4.3158520077475894e32
1.1727324509737226e10	40.15059507822549	7.0378774634668e16	4.459637643151667e32
1.1970139186408545e10	39.2965999812825	6.842449788087115e16	4.62798714937519e32
1.2243641292665579e10	38.326230043963506	6.626092004967864e16	4.821078781568296e32
1.257988454172292e10	37.21348837629777	6.3780784885954376e16	5.0633325020943084e32
1.2844990970556824e10	36.11175365611015	6.143635468294686e16	5.2577633873282675e32
1.3106530381114855e10	35.21483493371547	5.943970713454822e16	5.452642884819447e32
1.336470943528956e10	34.35053603655432	5.752545608681309e16	5.647887859743502e32
1.3619718086944862e10	33.51654037854244	5.568842777749604e16	5.843419232958584e32
1.3871733735224195e10	32.710495055030506	5.392395473197923e16	6.039161740136522e32
1.4120919301284666e10	31.93074000834337	5.222780920102966e16	6.23504371112934e32
1.4367419639359108e10	31.176448785181076	5.059614575832819e16	6.430996867298607e32
1.4611373544915668e10	30.445574713699433	4.902545090586071e16	6.626956134786352e32
1.4852910120399904e10	29.736813033707975	4.751250521010198e16	6.822859472138601e32
1.509214971744072e10	29.0489822480625	4.605434902578191e16	7.018647710824577e32
1.5329204766570835e10	28.381008345142355	4.464825319467982e16	7.214264407375118e32
1.556418051062649e10	27.731911424442707	4.329169387477686e16	7.409655706030617e32
1.5797175654856678e10	27.100794363723967	4.198233081740957e16	7.604770210923984e32
1.602828294462431e10	26.4868331726379	4.0717988537961176e16	7.79955886685443e32
1.625758968011174e10	25.88926873556817	3.9496639926629576e16	7.993974847904784e32
1.648517817616144e10	25.307399696407494	3.831639192626073e16	8.187973453223604e32
1.67111261745452e10	24.740576260377782	3.717547296912394e16	8.38151200935739e32
1.6935507215742058e10	24.188194680667262	3.6072221916923864e16	8.574549778586235e32
1.715839097758084e10	23.649692198189666	3.500507829095396e16	8.767047872778146e32
1.7379843588129837e10	23.12454227469034	3.3972573614363876e16	8.958969172311449e32
1.7599927918081875e10	22.612250225405603	3.297332371728219e16	9.150278249663433e32
1.7818703933898975e10	22.11234136733118	3.2006021878706076e16	9.340941297310656e32
1.8036228596326237e10	21.624402359420216	3.1069432714368804e16	9.530926059616962e32
1.825255658178066e10	21.147993375968284	3.0162386626217784e16	9.720201768414887e32
1.846774010976659e10	20.682734222133234	2.9283774915158708e16	9.908739082005398e32
1.8681829160562065e10	20.22826141128088	2.8432545301466216e16	1.0096510027342372e33
1.8894871570729893e10	19.784236816484736	2.7607697885428716e16	1.0283487945199413e33
1.910691310324029e10	19.350346876672486	2.6808281477524664e16	1.0469647438101984e33
1.9317997505370808e10	18.92630077784252	2.6033390255391244e16	1.0654964320840077e33
1.9528166566265648e10	18.51182780501169	2.528216071248195e16	1.0839415573392379e33
1.9737460182051666e10	18.106674289298375	2.4553768869385296e16	1.1022979296093505e33
1.9945916431648487e10	17.71060060296537	2.3847427723144536e16	1.1205634666883642e33
2.0153571662571754e10	17.32337853934347	2.316238491265813e16	1.1387361900583654e33
2.0360460583416077e10	16.944789253457103	2.2497920580274216e16	1.1568142210048888e33
2.056661635880591e10	16.574621786539414	2.185334541133963e16	1.1747957769079537e33
2.07720707069338e10	16.212671771520153	2.1227998834685596e16	1.192679167698451e33
2.097685400242023e10	15.85874009716185	2.062124736883761e16	1.2104627924696966e33
2.1180995377946182e10	15.512632246918155	2.0032483100601184e16	1.2281451362312096e33
2.1384522817505344e10	15.174158294178918	1.9461122283196292e16	1.2457247668028393e33
2.158746324009832e10	14.843133032623735	1.890660404160803e16	1.2632003318436702e33
2.178984257474925e10	14.5193760657256	1.8368389174261664e16	1.2805705560053124e33
2.1991685827308468e10	14.202711886034216	1.7845959041531094e16	1.2978342382030863e33
2.2193017140098167e10	13.89296989785894	1.733881453264195e16	1.3149902489986752e33
2.2393859845317936e10	13.589984393048384	1.6846475103602398e16	1.332037528086451e33
2.2594236513097588e10	13.293594484783751	1.6368477879696604e16	1.348975081877934e33
2.279416899516017e10	13.003643999466743	1.5904376816714998e16	1.3658019811836223e33
2.2993678464611397e10	12.719981353400822	1.5453741915840004e16	1.382517358985556e33
2.3192785452515522e10	12.44245940638245	1.5016158487693788e16	1.399120408296035e33
2.3391509881937977e10	12.170935292268249	1.4591226461527072e16	1.4156103800981858e33
2.3589871099506996e10	11.90527026670445	1.4178559735964382e16	1.4319865813645154e33
2.378788790507912e10	11.6453295374102	1.3777785568054934e16	1.4482483731497977e33
2.398557857834647e10	11.390982177998213	1.3388543997745784e16	1.464395168751334e33
2.418296089992597e10	11.142101191820046	1.3010487305074572e16	1.4804264319352705e33
2.438005216782679e10	10.898563518087991	1.2643279497405848e16	1.496341675226651e33
2.457686921243458e10	10.660249862424667	1.2286595824407898e16	1.5121404582601823e33
2.477342841089661e10	10.427044493536082	1.1940122318845356e16	1.5278223861891725e33
2.4969745700734554e10	10.19883506816232	1.1603555361460004e16	1.5433871081535433e33
2.516583659273588e10	9.975512463601081	1.127660126837852e16	1.5588343157981407e33
2.5361716183110573e10	9.756970622178555	1.095897589969156e16	1.5741637418357725e33
2.5557399165036446e10	9.543106405150413	1.0650404287824248e16	1.5893751586578965e33
2.5752899839630085e10	9.333819456184978	1.0350620284395096e16	1.604468376990621e33
2.5948232126381767e10	9.12901207380756	1.0059366224414752e16	1.619443244594197e33
2.614340957311466e10	8.928589091971668	9.776392606734446e15	1.634299645006093e33
2.6338445365512623e10	8.732457768178556	9.501457789738362e15	1.6490374963263156e33
2.6533352336177162e10	8.540527677482226	9.234327701428688e15	1.663656750035786e33
2.6728142973285778e10	8.352710613623382	8.974775563079857e15	1.6781573898504163e33
2.6922829428945797e10	8.16892049419746	8.722581625620051e15	1.69253943061013e33
2.7117423527353424e10	7.989073268393194	8.477532917990938e15	1.7068029172015054e33
2.7311936772930786e10	7.813086824675046	8.239423006816987e15	1.7209479235125353e33
2.7506380359425907e10	7.640880865862577	8.008051766758931e15	1.7349745514162357e33
2.7700765180884823e10	7.472376762855952	7.783225160976837e15	1.7488829297868286e33
2.7895101843794228e10	7.307497449692932	7.564755031158646e15	1.7626732135476496e33
2.808940067966113e10	7.146167355247549	7.352458896627362e15	1.7763455827478674e33
2.8283671757989338e10	6.988312342937323	7.146159762056257e15	1.7899002416671898e33
2.847792489950974e10	6.833859661404544	6.945685933315318e15	1.8033374179475373e33
2.86721696892434e10	6.68273791162863	6.750870841057494e15	1.8166573617453008e33
2.8866415488917007e10	6.5348770341695035	6.561552871632781e15	1.8298603449053682e33
2.9060671448325104e10	6.390208317687737	6.377575204802567e15	1.8429466601714156e33
2.9254946514857918e10	6.248664426176641	6.198785657822146e15	1.8559166204222382e33
2.9449249440581585e10	6.110179440677621	6.025036535599769e15	1.868770557932816e33
2.9643588786507526e10	5.974688905205805	5.856184486575145e15	1.881508823659277e33
2.983797292400493e10	5.842129865281819	5.692090363994929e15	1.8941317865453929e33
3.003241003357704e10	5.71244088917944	5.532619092335377e15	1.9066398328431145e33
3.022690810184997e10	5.585562064044127	5.377639538552889e15	1.9190333654593405e33
3.0421474917683525e10	5.461434963118451	5.227024387848905e15	1.9313128033284106e33
3.0616118068310707e10	5.3400025860325435	5.080650023783177e15	1.943478580805592e33
3.081084493634651e10	5.221209279810629	4.938396412593364e15	1.9555311470810256e33
3.1005662698291218e10	5.105000649022783	4.800146991575119e15	1.967470965613162e33
3.120057832437624e10	4.9913234767350385	4.665788561404906e15	1.979298513579102e33
3.1395598579509438e10	4.8801256576256025	4.535211182287169e15	1.9910142813396977e33
3.1590730025714222e10	4.771356128416536	4.40830807377448e15	2.0026187719221773e33
3.178597902610622e10	4.664964803620477	4.2849755181164805e15	2.0141125005196688e33
3.198135174999423e10	4.5609025270695405	4.1651127670060885e15	2.0254959940069472e33
3.2176854178691082e10	4.459121037299261	4.048621951601429e15	2.0367697904716513e33
3.2372492111688225e10	4.359572943666909	3.935407995687657e15	2.047934438760191e33
3.256827117287299e10	4.2622117109603765	3.825378531853627e15	2.0589904980372575e33
3.2764196816509903e10	4.166991649659701	3.7184438205704e15	2.0699385373553133e33
3.2960274332863724e10	4.073867909302564	3.6145166720481e15	2.0807791352353038e33
3.31565088533957e10	3.9827964735932544	3.513512370732185e15	2.0915128792598477e33
3.335290535544746e10	3.8937341564907326	3.415348602315705e15	2.1021403656783023e33
3.3549468666411255e10	3.8066385975311947	3.319945383160037e15	2.1126621990231694e33
3.374620346740502e10	3.7214682560008687	3.2272249920224155e15	2.1230789917374862e33
3.3943114296459957e10	3.6381824039468382	3.1371119039973605e15	2.1333913638117376e33
3.414020555119885e10	3.5567411180255704	3.049532726598128e15	2.143599942427141e33
3.4337481491100124e10	3.4771052701075194	2.9644161378898875e15	2.1537053616079792e33
3.453494623936559e10	3.3992365175246104	2.881692826577214e15	2.1637082618832626e33
3.493049992730593e10	3.2852912009985142	2.761711336189779e15	2.1834090983888496e33
3.5128554492480385e10	3.175853435419884	2.6472117094137275e15	2.1931083452793963e33
3.5326813022018524e10	3.1046851579416073	2.573406966192049e15	2.202707693967854e33
3.57239973405395e10	3.0005628237308115	2.4663686739606915e15	2.2216093744811897e33
3.59228880668281e10	2.9005581210464175	2.3642044617826e15	2.2309130564960256e33
3.6121995896852325e10	2.83553519529466	2.2983557067485155e15	2.2401195401218138e33
3.632132382249105e10	2.771966830890484	2.234357878471526e15	2.2492295105087124e33
3.652087472352211e10	2.709821625863724	2.1721588597168565e15	2.2582436563449403e33
3.692069747902764e10	2.6189230135956696	2.0819612439713782e15	2.2759872452497272e33
3.7120933481770744e10	2.5316148606505244	1.995850693265497e15	2.284718081056556e33
3.752214892590272e10	2.4467042999683652	1.9130502531871612e15	2.3019013364974507e33
3.7723092156433945e10	2.365145432467358	1.8339925690650288e15	2.310355163272328e33
3.812574191159687e10	2.2858392965218233	1.757981006493341e15	2.326990746735845e33
3.832741191539998e10	2.2096610378663457	1.6853969767242138e15	2.3351739207848568e33
3.873153267213372e10	2.135598259934205	1.615615814197011e15	2.351274585858578e33
3.8933946647438866e10	2.064453591295928	1.5489735690871548e15	2.359193500492317e33
3.933957063307447e10	1.9952944658877558	1.4849100824087705e15	2.374772057160108e33
3.954274366302738e10	1.9288569289076734	1.4237212482076685e15	2.382433125317789e33
3.994989908980059e10	1.8642821069236863	1.3649047414008262e15	2.3975024063808678e33
4.015384434280712e10	1.8022449835494578	1.3087209130836008e15	2.4049120444464573e33
4.056255574960724e10	1.7419546516946334	1.254719302076657e15	2.4194848741374042e33
4.076728461903831e10	1.6840301258237582	1.2031288057762842e15	2.4266494866488528e33
4.117757310150805e10	1.6277430944343496	1.1535454836243958e15	2.4407386509242484e33
4.1588923157184715e10	1.5558447399566966	1.0907331263692699e15	2.4545124435161058e33
4.200134176128647e10	1.487166191842215	1.031390491602896e15	2.4679764925496645e33
4.241483495148863e10	1.4215642328375389	9.75324374446652e14	2.4811363954735918e33
4.282940782631978e10	1.3589018343871195	9.223523220669629e14	2.493997714531211e33
4.3245064537110504e10	1.2990479220288482	8.723020424172256e14	2.506565972575548e33
4.36618082705086e10	1.2418771442064331	8.250108447938599e14	2.518846649108967e33
4.4079641226672714e10	1.187269630949984	7.803251107121112e14	2.5308451765352233e33
4.44985645998033e10	1.1351107509356606	7.380997933468242e14	2.542566936692349e33
4.49185785622074e10	1.0852908851564538	6.981979437910612e14	2.554017257732321e33
4.5339682247819016e10	1.0377052137204743	6.604902628031068e14	2.565201411245482e33
4.576187373441807e10	0.9922535103681488	6.248546769331646e14	2.5761246095842438e33
4.61851500247099e10	0.9488399488304994	5.91175937730589e14	2.5867920034168055e33
4.660950702846561e10	0.907372920056062	5.593452426126346e14	2.597208679590201e33
4.703493954466392e10	0.8677648555737281	5.292598762125472e14	2.60737965924797e33
4.746144124097868e10	0.8299320583383074	5.008228713011576e14	2.6173098961330146e33
4.788900463055317e10	0.793794539966352	4.739426883249863e14	2.6270042750673047e33
4.821035249704461e10	0.7635403039055981	4.516424456044828e14	2.6341231764437556e33
4.863975222671335e10	0.7344057462103425	4.30391520408135e14	2.643416346265538e33
4.9070186900818016e10	0.7025462709255615	4.073613903014304e14	2.6524867262705857e33
4.950164446858098e10	0.6721125882599066	3.855881702845987e14	2.6613389330543194e33
4.993411159051381e10	0.6430403113288119	3.650022377214297e14	2.669977509871217e33
5.036757360688846e10	0.6152679422579813	3.4553786775518256e14	2.678406926176415e33
5.080201450863942e10	0.5887367453114429	3.2713301451691356e14	2.6866315773551235e33
5.1237416909336426e10	0.5633906254415609	3.0972910442176494e14	2.694655784598332e33
5.1673762016076065e10	0.5391760114698739	2.932708409974149e14	2.702483794866147e33
5.2111029600954124e10	0.5160417426728946	2.7770602065908122e14	2.7101197809382834e33
5.25491979776997e10	0.49393896115933095	2.629853587348289e14	2.7175678416328305e33
5.298824398141697e10	0.4728210107724341	2.490623251261775e14	2.724832002166756e33
5.342814294021275e10	0.4526433493170767	2.3589298915213016e14	2.731916214603473e33
5.38688686354334e10	0.43336346282705124	2.234358731528424e14	2.7388243583316424e33
5.431039326274475e10	0.4149407761396926	2.11651814308388e14	2.745560240671628e33
5.475268739729068e10	0.39733656526596645	2.0050383412646706e14	2.752127597615388e33
5.5195719960319084e10	0.380513874343884	1.89957015211687e14	2.7585300946577005e33
5.563945818466084e10	0.36443743507269505	1.7997838499906797e14	2.7647713276526524e33
5.608386758426366e10	0.34907358926767806	1.7053680605910688e14	2.770854823755395e33
5.652891192999074e10	0.3343902153979055	1.616028725396194e14	2.776784042473872e33
5.6974553230700584e10	0.3203566587073705	1.5314881240514316e14	2.7825623768059133e33
5.74207517174659e10	0.30694366416060453	1.4514839520204312e14	2.7881931544152045e33
5.786746584846216e10	0.2941233014704652	1.3757684506369936e14	2.793679638850399e33
5.831465236689166e10	0.28186887676180916	1.3041075864612244e14	2.7990250308289196e33
5.8762266406365e10	0.2701548578451654	1.236280277194889e14	2.8042324695849203e33
5.921026161893809e10	0.2589568201862188	1.1720776618472481e14	2.8093050342446694e33
5.965859032162074e10	0.2482513968614295	1.1113024130448123e14	2.8142457451864637e33
6.0107203665273865e10	0.23801623064629077	1.0537680890578447e14	2.819057565408906e33
6.055605182983873e10	0.2282299280738198	9.992985229184506e13	2.82374340192508e33
6.100508424256495e10	0.21887201544775722	9.477272466786289e13	2.828306107122231e33
6.145424981642309e10	0.20992289738692652	8.988969491973403e13	2.832748480054658e33
6.190349721329633e10	0.20136381709127207	8.526589653843356e13	2.8370732677019977e33
6.235277511803805e10	0.19317682525364235	8.088727947890184e13	2.841283166196944e33
6.280203242292005e10	0.18534478889615486	7.67405647994421e13	2.845380821964349e33
6.325121829154373e10	0.17785140451316908	7.281320190677725e13	2.8493688327825536e33
6.370028218015179e10	0.1706811724064952	6.909332820517286e13	2.8532497487890054e33
6.4261392403860916e10	0.16297689670520452	6.5142684741808164e13	2.857954101163869e33
6.470999864228862e10	0.15565437213630284	6.1425133189006516e13	2.861603137245868e33
6.515832061217729e10	0.1494363567111757	5.830529249093664e13	2.865153048232348e33
6.5606308864010666e10	0.14348373499414266	5.534935411183776e13	2.868606191347313e33
6.605391406692552e10	0.13778464202083196	5.254848994536882e13	2.871964880326488e33
6.6501086913736084e10	0.13232780504566624	4.989435414900298e13	2.8752313860298954e33
6.672448152736213e10	0.12839289165754228	4.7994765687927914e13	2.8768307682139687e33
6.7170912834762924e10	0.12457364172148769	4.617113251823082e13	2.879963164469234e33
6.76167882969923e10	0.11967661959188151	4.3850231404749805e13	2.883008870675629e33
6.806205876442505e10	0.11498637319703231	4.1650275254420125e13	2.8859700119046276e33
6.850667552147263e10	0.11049370945524277	3.95647799895272e13	2.888848672673593e33
6.895059050820374e10	0.10618981486681905	3.758761480420302e13	2.89164689739824e33
6.939375655583595e10	0.10206623942825935	3.571298281530101e13	2.894366690832443e33
6.983612763512396e10	0.0981148814413922	3.393540279485475e13	2.8970100184935124e33
7.027765911998e10	0.09432797274113308	3.2249691919624508e13	2.899578807080035e33
7.071830806857445e10	0.09069806439109855	3.0650949475149832e13	2.902074944888337e33
7.115803351616154e10	0.08721801422956628	2.913454145871183e13	2.904500282226187e33
7.159679667889926e10	0.08388099416665507	2.7696086031170766e13	2.906856631821105e33
7.203456097520297e10	0.08068051150805211	2.6331439760909914e13	2.909145769228713e33
7.247129194701474e10	0.07761040917257478	2.503668460068085e13	2.911369433244934e33
7.290695716503976e10	0.0746648487479444	2.3808115553893305e13	2.913529326320447e33
7.334152611966737e10	0.07183829376649122	2.2642228999222066e13	2.9156271149709897e33
7.377497009969252e10	0.06912549359449659	2.153571164162979e13	2.9176644301888096e33
7.420726206095781e10	0.0665214679683617	2.0485430056229492e13	2.919642867860333e33
7.463837648405472e10	0.06402149240690638	1.9488420795078832e13	2.921563989187772e33
7.506828921869174e10	0.06162108441275138	1.854188103183016e13	2.9234293211051165e33
7.549697732023586e10	0.059315989823930486	1.7643159717297805e13	2.925240356696008e33
7.592441893733926e10	0.05710216220434295	1.6789749216812926e13	2.926998555618799e33
7.635059329062808e10	0.054975739286741716	1.5979277406295303e13	2.928705344537582e33
7.656160873308559e10	0.0534405859215839	1.5399082876489277e13	2.9295337310439237e33
7.677546266911082e10	0.05243945292181273	1.502397437132358e13	2.9303621175502646e33
7.698582914514241e10	0.05145817265156546	1.4658371198990543e13	2.931166177084897e33
7.719902663677106e10	0.05049628117215526	1.4302038994427084e13	2.931970236619529e33
7.762128447838597e10	0.04908494361111951	1.37836492977725e13	2.9335310320106155e33
7.804220288135243e10	0.04727280955407207	1.3123667356582744e13	2.9350458027382396e33
7.846176664205325e10	0.04553117133138721	1.2496549081060297e13	2.9365158170169234e33
7.887996171072855e10	0.04385707846375198	1.1900592470303252e13	2.937942312714876e33
7.90869640281103e10	0.042647480546999766	1.1473656588512553e13	2.938634405263965e33
7.929675980949138e10	0.04185844241359578	1.1197560846047133e13	2.9393264978130546e33
7.950306926380089e10	0.04108475800132915	1.0928370965274924e13	2.939998024342555e33
7.971216474167767e10	0.04032608304419871	1.0665922385748777e13	2.940669550872056e33
8.0126180080615e10	0.0392125966954445	1.0284008086882371e13	2.9419726215083187e33
8.053878204956136e10	0.03778169131938804	9.797428698565777e12	2.9432368308752243e33
8.09499622583141e10	0.03640542412968923	9.334773559204094e12	2.9444632721473233e33
8.135971330649385e10	0.0350815542857906	8.894818368143775e12	2.9456530110076583e33
8.156248981076411e10	0.034124215639750426	8.579415859624325e12	2.946230048574243e33
8.176801591209851e10	0.033499571762978485	8.375393184714022e12	2.946807086140827e33
8.217488949795e10	0.032582605296582516	8.078430838595675e12	2.9479265097339283e33
8.258031698993279e10	0.03140347901726328	7.699862627320345e12	2.949012267979748e33
8.298429432385725e10	0.030268756763467117	7.339713326515507e12	2.9500653215800854e33
8.338681811675575e10	0.029176659157279943	6.997050344964495e12	2.9510866062483893e33
8.378788560625084e10	0.028125485826730266	6.670990234417038e12	2.952077033213031e33
8.398633128232625e10	0.02736480893820124	6.43707784309027e12	2.952557261468732e33
8.418748407921356e10	0.02686839145826805	6.285728273658153e12	2.9530374897244335e33
8.458563237390674e10	0.02613952143326359	6.06537305274844e12	2.9539688395616813e33
8.498231916670592e10	0.025201654255867907	5.784272853956854e12	2.9548719235364196e33
8.537754357708719e10	0.024298626587384933	5.516681770346712e12	2.955747559993037e33
8.577130503963222e10	0.023429079777719453	5.261924738921795e12	2.956596545303724e33
8.61636032385931e10	0.022591714180534652	5.019361839389019e12	2.957419654361717e33
8.635768394015524e10	0.021985418730952666	4.845235389427929e12	2.957818647717037e33
8.655442947980063e10	0.02158970642408686	4.732540854772787e12	2.9582176410723565e33
8.69438004952189e10	0.02100863115763471	4.568421753315663e12	2.95899123883973e33
8.733170809634825e10	0.02026056185831715	4.358925167463903e12	2.9597411610479854e33
8.771815228481726e10	0.019540012127216205	4.159377969684342e12	2.960468101535565e33
8.810313296115685e10	0.018845938563611258	3.9692894492005596e12	2.961172735061179e33
8.848664987695497e10	0.018177340731569732	3.78819409800932e12	2.9618557177649765e33
8.867636246941267e10	0.01769305296882335	3.6581122860923022e12	2.96218670269476e33
8.886869558582686e10	0.01737695992770584	3.573903237132345e12	2.962517687624544e33
8.924928333041148e10	0.016912779750559603	3.4512376566586045e12	2.963159264904863e33
8.962840565741531e10	0.01631498791692288	3.2945609346886016e12	2.963781052601499e33
9.000606177174944e10	0.015739041689984287	3.145241474999469e12	2.964383636874882e33
9.038225077977771e10	0.015184118353523743	3.002920970463984e12	2.964967587474725e33
9.075697170850531e10	0.014649426420530525	2.8672592619936284e12	2.9655334581574887e33
9.113022352829372e10	0.014134204375671864	2.737933380201668e12	2.9660817870973224e33
9.15020051792693e10	0.013637719467566322	2.6146366396087847e12	2.9666130972901167e33
9.187231560145494e10	0.013159266551339742	2.497077782468026e12	2.967127896950257e33
9.224115376759659e10	0.012698166988269853	2.3849801695759434e12	2.9676266798986595e33
9.260851870977563e10	0.012253767845752397	2.278081015736661e12	2.96810992594021e33
9.29744095359356e10	0.011825441269765903	2.1761306672508975e12	2.968578101232744e33
9.333882544251277e10	0.011412583663885686	2.0788919186426912e12	2.969031658648677e33
9.370176572766301e10	0.01101461474289631	1.9861393662814976e12	2.969471038129267e33
9.40632298056933e10	0.01063097660732999	1.8976587968337786e12	2.969896667031564e33
9.442321722210188e10	0.01026113286749903	1.8132466086262517e12	2.9703089604677957e33
9.478172766667404e10	0.009904567807652791	1.732709264374424e12	2.9707083216345764e33
9.513876098466167e10	0.009560785597356717	1.655862773668549e12	2.9710951421330464e33
9.549431718821472e10	0.009229309502512792	1.5825322033081594e12	2.971469802281383e33
9.58483964678935e10	0.00890968113533124	1.5125512137906685e12	2.971832671419908e33
9.620099920401884e10	0.008601459743122647	1.4457616204766638e12	2.972184108209037e33
9.65521259727706e10	0.008304221654921423	1.3820129780164075e12	2.9725244609205626e33
9.690177753694458e10	0.008017559925830468	1.3211621868507444e12	2.9728540677207715e33
9.72499548261372e10	0.007741083833112247	1.2630731207087605e12	2.973173256945178e33
9.7596658915275e10	0.007474418196514165	1.2076162738582944e12	2.973482347366109e33
9.794189100233994e10	0.00721720271201686	1.1546684269193801e12	2.9737816484534245e33
9.828565238504472e10	0.006969091322030479	1.1041123302094487e12	2.9740714606286486e33
9.862794443695988e10	0.006729751607569942	1.0558364036431353e12	2.9743520755128127e33
9.89687685832838e10	0.006498864204783538	1.0097344522737357e12	2.9746237761681956e33
9.93081262752742e10	0.006276122252014112	9.657053966810945e11	2.9748868373334784e33
9.96460189635397e10	0.006061230861797062	9.236530174332137e11	2.975141525652686e33
9.998244807033313e10	0.0058539066157287665	8.83485712832261e11	2.9753880998981857e33
1.0031741496162042e11	0.005653877069490891	8.451162692147421e11	2.9756268111879345e33
1.0065092094177383e11	0.0054608799067285664	8.084616431250785e11	2.975857903197148e33
1.0098296728951833e11	0.005274661883997062	7.734427547516327e11	2.9760816123645605e33
1.0131355531605452e11	0.0050949782059648875	7.399842920518787e11	2.976298168093637e33
1.0164268642789987e11	0.004921592228635599	7.080145249917805e11	2.976507792948801e33
1.0197036219237753e11	0.004754275203314732	6.774651293622672e11	2.9767107028466245e33
1.0229658440662248e11	0.0045928060169816215	6.482710196625511e11	2.976907107242077e33
1.0262135517042215e11	0.004436970939563371	6.203701905547377e11	2.9770972093099434e33
1.0294467696381648e11	0.004286563369794725	5.937035664226437e11	2.97728120612157e33
1.0326655272904903e11	0.004141383598683048	5.682148585966217e11	2.977459288817001e33
1.0358698595555197e11	0.004001238603762592	5.438504298202827e11	2.977631642772804e33
1.0390598076951703e11	0.0038659418367001873	5.205591655433623e11	2.9777984477658973e33
1.0422354202555832e11	0.0037353130428280134	4.9829235168383014e11	2.977959878133151e33
1.0453967534633101e11	0.00360917870346478	4.7700355854007007e11	2.978116102926799e33
1.0485438705023367e11	0.00348737304256398	4.566485304874794e11	2.978267286065755e33
1.0516768401161801e11	0.003369738349900591	4.37185081077134e11	2.9784135864829404e33
1.054795735088865e11	0.003256124622758255	4.185729932291625e11	2.9785551582687086e33
1.0579006306375414e11	0.0031463891825804645	4.0077392427719977e11	2.9786921508104733e33
1.0609916027317755e11	0.003040396295441581	3.8375131562177954e11	2.978824708928821e33
1.0640687265416255e11	0.0029380166157734543	3.67470306761573e11	2.9789529730102284e33
1.0671320754079227e11	0.0028391263074626356	3.5189765352168866e11	2.979077079136203e33
1.0701817202367574e11	0.0027436063605419873	3.370016503265039e11	2.9791971592089247e33
1.0732177289841939e11	0.002651342283168282	3.227520563412718e11	2.9793133410734697e33
1.0762401661823825e11	0.002562223860956404	3.09120025290011e11	2.979425748636704e33
1.0792490925035683e11	0.0024761449358415765	2.9607803876338495e11	2.97953450198293e33
1.0822445644444604e11	0.002393003134003716	2.8359984283889813e11	2.9796397174863733e33
1.0852266345856117e11	0.0023126992676087855	2.7166038784296533e11	2.9797415079206825e33
1.088195352465747e11	0.0022351367917087493	2.602357711061903e11	2.9798399825656174e33
1.091150765594341e11	0.0021602216866206283	2.4930318258216776e11	2.9799352473107964e33
1.0940929204616347e11	0.002087862452288645	2.388408531915052e11	2.9800274047565507e33
1.0970218635729865e11	0.0020179700788542643	2.2882800574403842e11	2.9801165543119286e33
1.0999376424895082e11	0.0019504580277955258	2.1924480829883438e11	2.9802027922899457e33
1.1028403064030919e11	0.001885242516961701	2.1007232982937567e11	2.980286212000156e33
1.1057299056631006e11	0.0018222431187763606	2.012924980545032e11	2.9803669038386026e33
1.1086064906515823e11	0.0017613830029449468	1.928880592902342e11	2.9804449553752406e33
1.111470110577828e11	0.0017025887811178402	1.848425402014505e11	2.98052045143896e33
1.1143208122117877e11	0.0016457903454275865	1.7714021135754205e11	2.980593474200329e33
1.11715863854076e11	0.001590920719175565	1.6976605251186996e11	2.9806641032519804e33
1.1199836274391052e11	0.0015379158625379713	1.6270571953200937e11	2.980732415686675e33
1.122795811065079e11	0.0014867141129565147	1.5594551290624133e11	2.9807984861731014e33
1.1255952162289737e11	0.0014372555760993595	1.4947234776920932e11	2.9808623870294863e33
1.1283818650827373e11	0.001389481931707908	1.432737253928842e11	2.9809241882950596e33
1.1311557758496664e11	0.0013433364027043901	1.3733770607235292e11	2.9809839577994555e33
1.133916963601146e11	0.001298763722098966	1.3165288333261894e11	2.98104176123009e33
1.1366654410856033e11	0.0012557100993090104	1.2620835938621838e11	2.981097662197599e33
1.1394012195168483e11	0.0012141232308853225	1.2099372177247137e11	2.98115172229945e33
1.1421243090271524e11	0.001173952432229271	1.1599902111411395e11	2.981204001181755e33
1.1448347188003476e11	0.0011351487352152046	1.112147499323157e11	2.981254556599244e33
1.1475324571304439e11	0.0010976648631854356	1.0663182246470091e11	2.981303444473474e33
1.1502175314451102e11	0.0010614551869216526	1.0224155543570972e11	2.981350718949306e33
1.1528899482894327e11	0.001026475682152605	9.80356497320232e10	2.9813964324497026e33
1.1555497132643092e11	0.0009926838886113076	9.400617293818193e10	2.981440635728895e33
1.1581968309408153e11	0.0009600388607976111	9.014554268994406e10	2.981483377923984e33
1.1608313048046487e11	0.0009285011004394133	8.644651080548088e10	2.981524706604984e33
1.1634531372576323e11	0.0008980324838978575	8.290214815702374e10	2.9815646678233985e33
1.1660623296798534e11	0.0008685961945215728	7.950583024598112e10	2.9816033061593807e33
1.1686588825516985e11	0.000840156660188604	7.625122344683974e10	2.9816406647675355e33
1.171242795639522e11	0.0008126794932261786	7.31322718903331e10	2.981676785421336e33
1.1738140682453592e11	0.0007861314345357155	7.014318495780331e10	2.9817117085562077e33
1.1763726994128291e11	0.000760480333907818	6.727842535788566e10	2.9817454733113045e33
1.1789186879854796e11	0.000735695159017821	6.453269775666807e10	2.9817781175700144e33
1.1814520325467796e11	0.0007117459900687985	6.190093793312066e10	2.981809677999252e33
1.1839727312697408e11	0.0006886040027105828	5.937830243364104e10	2.9818401900875454e33
1.186480781678134e11	0.0006662414481326954	5.6960158701364334e10	2.981869688181976e33
1.1889761803135146e11	0.0006446316327165215	5.46420756572729e10	2.981898205523989e33
1.1914589223343831e11	0.0006237488893542787	5.2419814711095665e10	2.981925774284132e33
1.1939290012022882e11	0.0006035685108807071	5.0289321180576996e10	2.9819524255957496e33
1.1963864085144089e11	0.0005840666747848525	4.824671610051266e10	2.981978189587687e33
1.1988311339333334e11	0.0005652203863725106	4.62882884058032e10	2.982003095415975e33
1.201263165199434e11	0.0005470074302464521	4.4410487472491936e10	2.9820271712945544e33
1.2036824882311871e11	0.000529406324696957	4.260991600047018e10	2.9820504445250503e33
1.2060890873266122e11	0.0005123962772485694	4.088332322210462e10	2.9820729415256296e33
1.2084829454135916e11	0.0004959571551032268	3.922759842178384e10	2.9820946878589735e33
1.2108640442374771e11	0.00048006948008652225	3.763976475172568e10	2.9821157082593814e33
1.21323236444077e11	0.00046471443079383753	3.611697332949277e10	2.982136026659045e33
1.2155878855494368e11	0.00044987383904185194	3.4656497603298775e10	2.9821556662135066e33
1.2179305858654163e11	0.00043553018428569174	3.3255727972041332e10	2.9821746493263323e33
1.2202604422661765e11	0.0004216665862498717	3.191216664739906e10	2.982192997673034e33
1.222577429891071e11	0.00040826679957712864	3.06234227459886e10	2.98221073222426e33
1.2248815216263966e11	0.000395315221403352	2.9387207600930077e10	2.9822278732682744e33
1.2271726874400703e11	0.0003827968863191986	2.8201330282703365e10	2.9822444404327326e33
1.2294508937157118e11	0.0003706974346994014	2.706369331952559e10	2.9822604527057765e33
1.2317161026330647e11	0.0003590030753863539	2.597228860846508e10	2.9822759284564785e33
1.233968271609321e11	0.0003477005489868377	2.492519350900955e10	2.98229088545464e33
1.2362073527816853e11	0.00033677709710278346	2.392056711117124e10	2.982305340889978e33
1.2384332925591882e11	0.0003262204297855015	2.295664667042044e10	2.982319311390704e33
1.2406460312019414e11	0.00031601870171497275	2.2031744202134106e10	2.9823328130415276e33
1.242845502297424e11	0.00030616050823552277	2.114424322839114e10	2.982345861401094e33
1.2450316320850067e11	0.0002966348868803191	2.02925956698778e10	2.982358471518873e33
1.2472043386089929e11	0.00028743131968742236	1.9475318875772144e10	2.982370657951525e33
1.2493635306931918e11	0.00027853973438790206	1.8690992784861874e10	2.98238243477876e33
1.2515091066910307e11	0.00026995050939025944	1.793825721184802e10	2.982393815618695e33
1.2536409529851472e11	0.00026165447955400057	1.721580925308916e10	2.982404813642729e33
1.2557589422910645e11	0.0002536429329475343	1.6522400806158894e10	2.9824154415899516e33
1.2578629317765614e11	0.0002459076051320994	1.5856836198023766e10	2.9824257117810926e33
1.2599527609407649e11	0.0002384406792289751	1.5217969916962992e10	2.982435636132033e33
1.262028249195404e11	0.00023123479119956705	1.4604704443497784e10	2.98244522616689e33
1.264089193194344e11	0.00022428302842960227	1.4015988175752731e10	2.982454493030684e33
1.2661353639212683e11	0.0002175789267716541	1.345081344503619e10	2.9824634475016075e33
1.2681665033399132e11	0.00021111648806646012	1.290821461766909e10	2.9824721000029046e33
1.2701823204362688e11	0.0002048902129617411	1.2387266278973768e10	2.98248046061437e33
1.2721824865016801e11	0.00019889514539928177	1.1887081495313164e10	2.982488539083491e33
1.2741666291657417e11	0.00019312696103355564	1.140681015012656e10	2.982496344836225e33
1.276134324484398e11	0.00018758211383288352	1.0945637349658175e10	2.982503886987453e33
1.2780850868253127e11	0.00018225799384413908	1.0502781893693659e10	2.982511174351082e33
1.2800183562856282e11	0.00017715309832611587	1.0077494806892612e10	2.982518215449837e33
1.281933482929884e11	0.000172267259419548	9.669057926676868e9	2.982525018524735e33
1.2838297071297337e11	0.00016760192895370286	9.27678254344872e9	2.9825315915442615e33
1.2857061345852165e11	0.0001631605856765777	8.900008088888737e9	2.9825379422132503e33
1.2875617032541101e11	0.0001589493845794333	8.53810086738855e9	2.98254407798148e33
1.2893951381317021e11	0.00015497816105523271	8.190452823891594e9	2.9825500060519957e33
1.2912065716766023e11	0.00015112116974205198	7.856480339036069e9	2.982555733389163e33
1.2929963779712521e11	0.0001473549749978083	7.5356247128725e9	2.982561266726466e33
1.2947649285512694e11	0.00014367711037511263	7.227351281711552e9	2.982566612574053e33
1.2965125925058989e11	0.0001400851846764712	6.931148317115603e9	2.982571777226042e33
1.2982397366716022e11	0.0001365768722655165	6.646525979004007e9	2.9825767667675886e33
1.2999467258626274e11	0.0001331499084128415	6.373015320118972e9	2.9825815870817314e33
1.3016339231475099e11	0.00012980208429419284	6.110167339164097e9	2.982586243856011e33
1.3033016902352277e11	0.0001265312375328901	5.857552080043583e9	2.982590742588882e33
1.3049503878433574e11	0.00012333525306554058	5.6147577748411875e9	2.982595088595913e33
1.3065803759963928e11	0.00012021206779065897	5.381390028217411e9	2.982599287015793e33
1.3081920143352168e11	0.00011715966897917764	5.157071040999089e9	2.982603342816137e33
1.3097856623990587e11	0.00011417609559743249	4.941438870934019e9	2.982607260799111e33
1.3113616798645009e11	0.00011125944062523892	4.734146728664613e9	2.982611045606868e33
1.3129204267768227e11	0.00010840785073077422	4.534862307084343e9	2.982614701726818e33
1.3144622637994843e11	0.00010561952419182571	4.343267142367883e9	2.9826182334967153e33
1.3159875524790016e11	0.00010289270918941735	4.159056005074047e9	2.9826216451095936e33
1.3174966555295804e11	0.0001002257019678596	3.981936319803267e9	2.9826249406185293e33
1.3189899371457997e11	0.00009761684464736314	3.8116276119700427e9	2.982628123941259e33
1.3204677633467914e11	0.00009506452299611111	3.647860980371898e9	2.9826311988646436e33
1.3211946578600935e11	0.00009318893851681144	3.529067046038548e9	2.9826326839568146e33
1.321930502139058e11	0.00009195365926744128	3.4518602484271746e9	2.9826341690489856e33
1.3233785273353003e11	0.00009012307713873642	3.3389324042589164e9	2.9826370380322057e33
1.324812210055996e11	0.0000877310870997365	3.193286923957225e9	2.982639809233889e33
1.3262319277859814e11	0.00008538957162423782	3.0532139341187205e9	2.982642485959195e33
1.3269305700195366e11	0.0000836680207904871	2.951590727809849e9	2.982643778680918e33
1.327638063741831e11	0.00008253373957465115	2.8855391447850337e9	2.98264507140264e33
1.329031003568952e11	0.00008085214562017705	2.7889210959949512e9	2.982647568651762e33
1.3304111377455833e11	0.00007865364597886466	2.664291955160696e9	2.9826499806906564e33
1.3317788635589278e11	0.00007650013364683277	2.54441458544831e9	2.98265231040341e33
1.332452313131625e11	0.00007491593384172629	2.4574311339571843e9	2.9826534354904086e33
1.3331345881116962e11	0.00007387167635244482	2.400891656049328e9	2.982654560577407e33
1.3338022391997917e11	0.00007283790967326495	2.345431266643096e9	2.9826556472419743e33
1.3344787219212744e11	0.00007181458719682431	2.291043346900832e9	2.9826567339065425e33
1.3358116789630841e11	0.00007029661545899339	2.21148087446107e9	2.9826588329943196e33
1.3371338863689731e11	0.00006831067246219261	2.108835625286449e9	2.9826608603568507e33
1.3384457797675682e11	0.00006636370298705236	2.0100896881474006e9	2.982662818425759e33
1.3390923375838647e11	0.0000649304761250907	1.9384288092402363e9	2.9826637639883716e33
1.3397478103170619e11	0.00006398512892425882	1.8918463852251124e9	2.9826647095509853e33
1.3410404289202258e11	0.00006258207012318908	1.823699280999206e9	2.982666536003497e33
1.342324108891809e11	0.00006074536247745496	1.73577214856109e9	2.982668299977921e33
1.3429572009636238e11	0.00005939262792821539	1.671958039814258e9	2.9826691517864976e33
1.3435993438876541e11	0.000058499926691365364	1.6304752461844094e9	2.982670003595074e33
1.344228433511689e11	0.00005761547658723301	1.58978022365825e9	2.9826708262497485e33
1.3448666365950752e11	0.00005673921790374492	1.5498685278996136e9	2.9826716489044233e33
1.3461265047965274e11	0.000055437757520514176	1.4914783158777955e9	2.9826732378864623e33
1.3473795005486159e11	0.00005373258812742028	1.4161340306359317e9	2.982674772455006e33
1.3480036036677055e11	0.00005247196774463066	1.3612928555406613e9	2.9826755199145993e33
1.3486262073436572e11	0.000051641748676809325	1.325743568899299e9	2.982676254459412e33
1.349247387918613e11	0.000050818726546137286	1.2908730105835867e9	2.9826769763108953e33
1.349867223755634e11	0.00005000276787712561	1.256668128727197e9	2.982677685686735e33
1.3511031744475119e11	0.000048793261803601474	1.20677387080194e9	2.9826790678637965e33
1.351719466122715e11	0.000047596117663956266	1.1579212971281497e9	2.982679741082139e33
1.3523347492297687e11	0.000046807090412340315	1.1262537333846073e9	2.982680402659202e33
1.3529491141876828e11	0.0000460244705979746	1.0951903903048847e9	2.9826810527947833e33
1.3541701083095116e11	0.000044866922271885544	1.0500069038411605e9	2.9826823140926255e33
1.3547876328065921e11	0.00004371727105579898	1.0056392321286464e9	2.9826829364999693e33
1.3553992870829869e11	0.000042955661214544446	9.767517010720543e8	2.982683542800472e33
1.3563146791414998e11	0.00004201718674042748	9.41670268463545e8	2.982684431356646e33
1.3572321713703938e11	0.00004090103141074349	9.005558566426765e8	2.9826852994657773e33
1.357837496119213e11	0.00003998218328431271	8.67209717772349e8	2.982685859971312e33
1.3584535364561118e11	0.00003925139915731917	8.410901597070878e8	2.982686420476845e33
1.3590644241807803e11	0.000038522544567211645	8.153555565024872e8	2.9826869664662607e33
1.3601333048105246e11	0.00003753402558823635	7.810434223779607e8	2.982687898429878e33
1.360591985181336e11	0.0000366422731145764	7.504291069378363e8	2.9826882892932356e33
1.3613582170928e11	0.00003593414560478456	7.265830629198437e8	2.9826889301942024e33
1.3621238204064993e11	0.00003505565631237144	6.97381723574221e8	2.982689555617355e33
1.362741549050027e11	0.00003426928543483421	6.716303671266618e8	2.9826900494228293e33
1.3633578698747531e11	0.00003357367933348958	6.491939367306612e8	2.982690532539667e33
1.363896407193205e11	0.00003292752459453179	6.28619080976422e8	2.9826909469104834e33
1.3642831463951111e11	0.00003241316660241942	6.124254436061676e8	2.982691240032585e33
1.3647492640421657e11	0.000031941966045016976	5.977591816874658e8	2.982691588400048e33
1.3654466832633086e11	0.00003130350182004461	5.781326219994638e8	2.982692099654952e33
1.3661511770300735e11	0.000030540315938447925	5.549916620265e8	2.9826926040226023e33
1.367012149773082e11	0.000029696656804361737	5.29879251146473e8	2.98269320407773e33
1.3674081249040675e11	0.000029024687064435122	5.1014618064851975e8	2.982693474056116e33
1.3677620280496056e11	0.000028626832643592858	4.9863551624540544e8	2.982693712172581e33
1.3683974606113313e11	0.000028105419162887725	4.83740374914751e8	2.9826941322268117e33
1.3691572125021518e11	0.000027375865624914455	4.6318987570448947e8	2.982694621924743e33
1.3697157496931381e11	0.00002669245449758345	4.4423334014347494e8	2.982694973280761e33
1.3699994532140286e11	0.00002625903904232861	4.323738696702876e8	2.98269514895877e33
1.3702862264356741e11	0.00002596713981066029	4.2447410257304156e8	2.98269532463678e33
1.3708937062163542e11	0.000025512363392872955	4.123084303754002e8	2.9826956905015727e33
1.3712621143619849e11	0.000025018714342044714	3.992210271974898e8	2.982695908243208e33
1.371961281314036e11	0.000024483545342263002	3.8527758219577223e8	2.982696312950067e33
1.3723757974803647e11	0.00002392884099105564	3.709835719979993e8	2.9826965476435625e33
1.3729617410999722e11	0.000023435097173778727	3.584833065442357e8	2.9826968727885754e33
1.373656466578966e11	0.000022808426261954874	3.42864630792609e8	2.9826972483389084e33
1.3739970506693414e11	0.00002230557054336435	3.305021341260245e8	2.9826974285263984e33
1.374639368284588e11	0.000021832844169125018	3.191006690314699e8	2.9826977613834434e33
1.375028323649346e11	0.000021339803835378435	3.0734407172911936e8	2.982697958541087e33
1.3754866937773096e11	0.000020938081794320356	2.979216052885033e8	2.982698186651048e33
1.376059071562056e11	0.000020453047391699643	2.86712789632201e8	2.9826984651075013e33
1.3763713132324228e11	0.000020039273384036013	2.772718193771217e8	2.9826986140328157e33
1.3766801535636746e11	0.000019750741868595407	2.707793596140987e8	2.9826987592804575e33
1.3769934159943085e11	0.00001946313781050567	2.6437381778039762e8	2.982698904528099e33
1.3776339078523856e11	0.00001902552972289943	2.547742450440747e8	2.982699195023384e33
1.3781376687256485e11	0.00001850368015891824	2.4349600703254974e8	2.982699417421953e33
1.3783941846809354e11	0.000018159277809371028	2.3617110328607056e8	2.9826995286212374e33
1.3789829242863962e11	0.0000177798562096472	2.2824520463146728e8	2.982699778659712e33
1.3795782215042868e11	0.00001725158730565136	2.173906848477239e8	2.9827000241821317e33
1.37984256896486e11	0.000016870274186437876	2.0968945342167628e8	2.982700130865362e33
1.3801105379565045e11	0.000016635857802713805	2.0502761533260897e8	2.9827002375485904e33
1.3803822684359683e11	0.000016399158122080496	2.00369396683418e8	2.98270034423182e33
1.3809386884163818e11	0.00001603851334447808	1.933785845081315e8	2.982700558010119e33
1.3811659566714847e11	0.000015697900302538177	1.868601498375399e8	2.9827006435214384e33
1.3815348795679694e11	0.000015440989962551338	1.8202588069859904e8	2.982700780118538e33
1.3817927095561514e11	0.000015171673214131964	1.7701565854701924e8	2.982700873959977e33
1.382154243725256e11	0.000014907244472401463	1.7216660686325538e8	2.9827010033107833e33
1.382654361144136e11	0.000014541611559623348	1.655687448728048e8	2.982701177964437e33
1.382919568497748e11	0.000014217930519646802	1.5982009929556254e8	2.982701268570133e33
1.3833252086030444e11	0.000013936754543412611	1.549148941016798e8	2.982701404478677e33
1.3837661572301865e11	0.000013583814189956117	1.4885868688931286e8	2.982701548563997e33
1.384101240628209e11	0.00001326208658750748	1.4343556449923557e8	2.9827016555232446e33
1.3842713951831622e11	0.000013053670960482665	1.3997308206331328e8	2.982701709002868e33
1.3844973955079755e11	0.000012891265319730418	1.3730590839113083e8	2.9827017791711747e33
1.38495920373615e11	0.000012611222584392161	1.3276813177729458e8	2.982701919507789e33
1.3854318616736163e11	0.000012232854625673931	1.267455968215204e8	2.982702058926138e33
1.3856721513378592e11	0.000011945828882242662	1.2225953292452289e8	2.98270212817618e33
1.385973133549087e11	0.000011730037755163726	1.189412222548625e8	2.982702213383821e33
1.3862802960468948e11	0.000011488980332795084	1.1528326365295322e8	2.982702298591462e33
1.3865939929129596e11	0.00001124462544127463	1.1162854589098132e8	2.9827023837991027e33
1.386753415239093e11	0.000011059305322388044	1.0888998713097662e8	2.982702426402923e33
1.3870742323476175e11	0.000010872983974144232	1.0617170765093893e8	2.982702510722462e33
1.3873989613805164e11	0.000010623913470427717	1.0258235794085836e8	2.9827025941538976e33
1.3877314002939655e11	0.000010372610690911541	9.90153522401475e7	2.982702677585334e33
1.3879006709353604e11	0.000010181957554708202	9.63426604580831e7	2.9827027193010516e33
1.388245631488094e11	9.988782934673268e-6	9.367127226363084e7	2.982702802732487e33
1.388522391882446e11	9.756624484033359e-6	9.049725805114584e7	2.982702868142727e33
1.3888050293315775e11	9.549900807066472e-6	8.77097651408391e7	2.9827029335529656e33
1.389240726274877e11	9.287753586452164e-6	8.422823449170327e7	2.9827030316683237e33
1.3895376016652722e11	9.022946324822446e-6	8.076017418984446e7	2.982703096650371e33
1.38968767185453e11	8.86313253553221e-6	7.869385175206418e7	2.982703128927298e33
1.3899932634942413e11	8.702174815942701e-6	7.66375149683085e7	2.982703193481152e33
1.390380860994892e11	8.459915172781883e-6	7.357810669485919e7	2.9827032731184394e33
1.3906194171379425e11	8.243507464618499e-6	7.087756449074042e7	2.982703320900812e33
1.3907810896246838e11	8.106815121328675e-6	6.919088346077715e7	2.9827033527557274e33
1.391194995392154e11	7.913073315235136e-6	6.683062779203957e7	2.982703432393015e33
1.3914474231821918e11	7.690999885018714e-6	6.414812740292668e7	2.982703479620822e33
1.391617746815196e11	7.552044054053888e-6	6.248889249189704e7	2.982703510921171e33
1.3917905834293936e11	7.440405132063949e-6	6.116683899123675e7	2.982703542221521e33
1.3920547506271436e11	7.299755975165857e-6	5.951509282748016e7	2.982703589172045e33
1.392325113993499e11	7.12972243881543e-6	5.753450152328049e7	2.982703636122569e33
1.3925089782455106e11	6.986991673227755e-6	5.588529034914126e7	2.982703667422918e33
1.3926958724249155e11	6.871888705743459e-6	5.456661808591128e7	2.9827036987232676e33
1.3930724494721262e11	6.699528070698646e-6	5.261261836826924e7	2.982703760234023e33
1.393265621102054e11	6.527503182221067e-6	5.067219175754735e7	2.9827037909894e33
1.393462228245521e11	6.411647613853848e-6	4.93792912776811e7	2.982703821744777e33
1.3938663408498904e11	6.236046125340776e-6	4.7441034818054214e7	2.982703883255532e33
1.3940741762262137e11	6.059985359906663e-6	4.5505025114414014e7	2.982703914010909e33
1.3942860974727936e11	5.941358808442855e-6	4.421512147262882e7	2.9827039447662865e33
1.3946062983418738e11	5.793410585974791e-6	4.262055752829362e7	2.982703990096038e33
1.3948252544472464e11	5.645996379492e-6	4.103867090790148e7	2.982704020315873e33
1.3950488503062112e11	5.527084513948259e-6	3.977395603735231e7	2.982704050535707e33
1.3952773164392538e11	5.40750959252807e-6	3.851005178375806e7	2.982704080755541e33
1.3955109007478256e11	5.287271923686084e-6	3.7246975133205675e7	2.982704110975375e33
1.3957498704630362e11	5.166368539044128e-6	3.598474392601609e7	2.9827041411952095e33
1.395994514278381e11	5.0447950727271315e-6	3.472337692271475e7	2.9827041714150444e33
1.3962429355771057e11	4.923085597101002e-6	3.346838168125491e7	2.9827042013717405e33
1.3964953055272864e11	4.801767533151822e-6	3.2225247149226762e7	2.9827042310652984e33
1.3967541310111908e11	4.6802899843281854e-6	3.0988490918210942e7	2.982704260758857e33
1.397019795590484e11	4.558091744016207e-6	2.975265112842835e7	2.9827042904524154e33
1.39715532054072e11	4.4662470660465664e-6	2.8826476117027916e7	2.9827043052991943e33
1.3974320474144095e11	4.3733326895053886e-6	2.7900660406984616e7	2.982704334992752e33
1.397716751906032e11	4.249081415357967e-6	2.6667216943798717e7	2.982704364686311e33
1.397862261752386e11	4.155595969867299e-6	2.5742887836683583e7	2.9827043795330897e33
1.3980099763088998e11	4.0927131162447116e-6	2.512692496914617e7	2.9827043943798686e33
1.3983123461110812e11	3.9974805661568555e-6	2.4203371099350978e7	2.9827044240734265e33
1.3984644525534567e11	3.9027912731885005e-6	2.3285972961258173e7	2.982704438661622e33
1.3986190235571503e11	3.839720990933261e-6	2.2681780023667146e7	2.982704453249816e33
1.3989359610191217e11	3.744016090011496e-6	2.177589118753063e7	2.982704482426206e33
1.399098542068219e11	3.648064408976265e-6	2.087082300213182e7	2.9827044970144006e33
1.3992640254960706e11	3.5832414743298754e-6	2.0267724620498728e7	2.982704511602596e33
1.3994325433505396e11	3.5178798164047232e-6	1.9664911486112505e7	2.9827045261907896e33
1.399691326281522e11	3.4351835364571544e-6	1.8911757948777363e7	2.9827045480730824e33
1.3998680853318353e11	3.35179550136912e-6	1.815916124079033e7	2.982704562661277e33
1.3999578014501218e11	3.3012318823403294e-6	1.7707831240565907e7	2.9827045699553746e33
1.4001400249249176e11	3.2500333485831357e-6	1.7256616921820816e7	2.9827045845435694e33
1.400420730446015e11	3.1636530993540857e-6	1.6504984470568987e7	2.982704606425861e33
1.4006619128975757e11	3.0672629755835505e-6	1.5678851472819194e7	2.982704624661105e33
1.400810021566923e11	2.9960343034749574e-6	1.5078441191697378e7	2.982704635602251e33
1.4009102526602176e11	2.950913924039566e-6	1.4703343443998637e7	2.982704642896349e33
1.4010117231035797e11	2.9144521000500356e-6	1.4403351114813006e7	2.982704650190446e33
1.4012171774283426e11	2.8593124634338743e-6	1.3955457655108785e7	2.982704664683074e33
1.4013212207318842e11	2.8039065435666617e-6	1.350979035892162e7	2.9827046718816034e33
1.4014266499500238e11	2.7666343344589086e-6	1.3214075688830033e7	2.982704679080134e33
1.4016418705630783e11	2.7099389886852603e-6	1.2770637147110937e7	2.9827046934771935e33
1.4017517812215106e11	2.65260650332943e-6	1.2327470898587676e7	2.9827047006757235e33
1.4018633059725412e11	2.6138025151854458e-6	1.2032119383813845e7	2.982704707874253e33
1.4020914632596967e11	2.5546679167434475e-6	1.1589233073288094e7	2.9827047222713135e33
1.402208254496951e11	2.49471934583289e-6	1.1146634967436569e7	2.982704729469843e33
1.402326960802018e11	2.4540602920617185e-6	1.0851667855636273e7	2.982704736668373e33
1.402447672658573e11	2.412875642112876e-6	1.055680060574216e7	2.9827047438669024e33
1.4025704880779868e11	2.3711365237202737e-6	1.026203486160595e7	2.9827047510654324e33
1.4026955134756528e11	2.328812209992725e-6	9.967372347288886e6	2.9827047582639624e33
1.402887445383688e11	2.2749856345823055e-6	9.599175505602196e6	2.9827047690617577e33
1.4030179472659634e11	2.2203129128824694e-6	9.231823971860526e6	2.9827047762288e33
1.403150499275989e11	2.1759606181915684e-6	8.939468025797917e6	2.9827047833643566e33
1.4032858244035413e11	2.130963406850508e-6	8.647865908712124e6	2.982704790499913e33
1.4034240937740897e11	2.085181092364706e-6	8.356376256644079e6	2.982704797635469e33
1.403565496644695e11	2.0385670129491483e-6	8.065001460492704e6	2.982704804771025e33
1.403710243060779e11	1.99107151015588e-6	7.773744064668996e6	2.9827048119065805e33
1.4038585669031107e11	1.9426431772276965e-6	7.482606783946079e6	2.982704819042137e33
1.4040107294966837e11	1.8932289842798015e-6	7.191592522774074e6	2.982704826177693e33
1.4040883444608484e11	1.8555151871515511e-6	6.973426428826719e6	2.982704829745471e33
1.4041670320181833e11	1.830018859044882e-6	6.828014522686513e6	2.982704833313249e33
1.4043277882252194e11	1.7912236611954049e-6	6.609945551185287e6	2.982704840448805e33
1.404409959401067e11	1.7518339708407e-6	6.391976413181645e6	2.982704844016583e33
1.404493390142518e11	1.72518284961314e-6	6.24669766000002e6	2.9827048475843614e33
1.404664240664405e11	1.6845980501919712e-6	6.028831305080618e6	2.982704854719917e33
1.4047517931771918e11	1.6433652483802362e-6	5.811070927392905e6	2.982704858287695e33
1.404840847653609e11	1.6154456798276251e-6	5.665933531046551e6	2.982704861855473e33
1.405023739382697e11	1.5728958798954415e-6	5.448282633576333e6	2.982704868991029e33
1.405117751924467e11	1.5296520673872408e-6	5.230745039798639e6	2.982704872558807e33
1.4052135876229697e11	1.5003495822465655e-6	5.085758786114602e6	2.9827048761265854e33
1.405311342950927e11	1.4706844689292614e-6	4.940812080515573e6	2.982704879694363e33
1.405411122300644e11	1.44064915299074e-6	4.795905701278508e6	2.982704883262141e33
1.405513038853892e11	1.410236147905574e-6	4.651040468901421e6	2.982704886829919e33
1.405672109518429e11	1.3713670556952147e-6	4.468703958656579e6	2.9827048922460075e33
1.405753751432025e11	1.3357533298486791e-6	4.30389123162789e6	2.982704894954052e33
1.4058368812075317e11	1.311692177882325e-6	4.1940416028141445e6	2.9827048976620955e33
1.405921569693977e11	1.287396494877341e-6	4.08421795405576e6	2.98270490037014e33
1.4060078929364935e11	1.2628626596532881e-6	3.974420764591886e6	2.982704903078184e33
1.4061406191977075e11	1.2318295127608187e-6	3.837207980067636e6	2.98270490714025e33
1.4062775115265588e11	1.1941120493583497e-6	3.6726147971872073e6	2.982704911202316e33
1.406371257135922e11	1.1622800138322602e-6	3.5355072105287714e6	2.98270491391036e33
1.406467116244443e11	1.1365008622814993e-6	3.4258503839052515e6	2.982704916618404e33
1.4065652096576117e11	1.1104612796885487e-6	3.3162234491887153e6	2.982704919326448e33
1.406716824143188e11	1.0774986343873488e-6	3.1792280034088427e6	2.982704923388514e33
1.406821105081274e11	1.0441965017506097e-6	3.042291608805173e6	2.982704926096558e33
1.406874267514026e11	1.0240088667989679e-6	2.960154130320102e6	2.982704927450581e33
1.4069827417927704e11	1.0036028639905812e-6	2.878029066213957e6	2.9827049301586247e33
1.4070942454334137e11	9.76184066839511e-7	2.7685627452876414e6	2.9827049328666684e33
1.407208988536826e11	9.48471619525462e-7	2.659131118292051e6	2.9827049355747127e33
1.407267648357854e11	9.275272692581695e-7	2.5770841636941372e6	2.9827049369287354e33
1.4073272076766547e11	9.134425015576604e-7	2.522395313375335e6	2.9827049382827575e33
1.4074491568775134e11	8.921255175188642e-7	2.440375923858353e6	2.982704940990801e33
1.4075116229612186e11	8.70710417852204e-7	2.3583849570318074e6	2.9827049423448234e33
1.4075751345696808e11	8.563001832065128e-7	2.303734015279136e6	2.9827049436988455e33
1.40770546183291e11	8.344764060132151e-7	2.2217723971381453e6	2.982704946406889e33
1.40777237446081e11	8.12550578584479e-7	2.1398411271748804e6	2.982704947760912e33
1.407840519079797e11	7.977838822290774e-7	2.0852306644702235e6	2.982704949114934e33
1.4079807225022318e11	7.753966759887226e-7	2.0033308292987274e6	2.982704951822978e33
1.4080529090406934e11	7.528887798088486e-7	1.9214636107556561e6	2.982704953177e33
1.408126573180792e11	7.377104449466207e-7	1.866896656388988e6	2.982704954531022e33
1.4082017887222818e11	7.224179896393337e-7	1.8123411194721842e6	2.982704955885044e33
1.4082786356404498e11	7.070054905994117e-7	1.75779723738161e6	2.9827049572390664e33
1.408357200891073e11	6.914659751991374e-7	1.7032652596893515e6	2.9827049585930885e33
1.4084375793575372e11	6.757912829518552e-7	1.6487454492265075e6	2.98270495994711e33
1.408519874867137e11	6.599727466859913e-7	1.5942380832908133e6	2.982704961301132e33
1.408647160350146e11	6.399556892089383e-7	1.526119797938431e6	2.982704963332166e33
1.408734772792941e11	6.197342182158239e-7	1.4580261299001505e6	2.9827049646861876e33
1.4087794593440982e11	6.074683365687271e-7	1.4171800918734209e6	2.9827049653631987e33
1.4088706870336703e11	5.950615705587065e-7	1.3763392361438768e6	2.982704966717221e33
1.4089645361195813e11	5.783643054632544e-7	1.3218988646642386e6	2.982704968071243e33
1.4090611992124402e11	5.614513357152353e-7	1.2674729964877416e6	2.982704969425265e33
1.4091106547709378e11	5.486339309963566e-7	1.226664795201152e6	2.9827049701022756e33
1.4091608973563116e11	5.400016261006786e-7	1.1994631467908407e6	2.9827049707792867e33
1.4092638668518344e11	5.269158210404157e-7	1.1586664929823452e6	2.982704972133309e33
1.4093166684473795e11	5.137179934421802e-7	1.1178817612675142e6	2.9827049728103205e33
1.409370396650789e11	5.048201445492269e-7	1.090696014675081e6	2.982704973487331e33
1.4094306955927893e11	4.953917285778189e-7	1.0621359782887371e6	2.982704974233007e33
1.409523473060331e11	4.829031300397789e-7	1.0247192927645397e6	2.982704975351522e33
1.4096192469689e11	4.677321551149598e-7	979831.0905649352	2.9827049764700363e33
1.409684885625443e11	4.549291503269285e-7	942434.420494664	2.982704977215713e33
1.4097520489771298e11	4.445597863924514e-7	912522.6561629681	2.982704977961389e33
1.409820826955169e11	4.340814759531193e-7	882616.5916368542	2.9827049787070655e33
1.4098913180993173e11	4.2349003522784346e-7	852716.3625345359	2.9827049794527417e33
1.4099636306937097e11	4.127811188487115e-7	822822.1127318615	2.982704980198418e33
1.4100378840920212e11	4.019502356011182e-7	792933.9951776528	2.982704980944094e33
1.4100757806028986e11	3.93753890080558e-7	770522.6284093178	2.982704981316933e33
1.4101142129776672e11	3.8824274988201176e-7	755583.3233424688	2.98270498168977e33
1.4101927585069098e11	3.799033061497134e-7	733176.8086457636	2.982704982435447e33
1.410273686396502e11	3.686779937814357e-7	703308.1111948452	2.982704983181123e33
1.4103571792362805e11	3.5731032390619864e-7	673446.2691507415	2.9827049839267994e33
1.410399952606723e11	3.4870040112994324e-7	651055.1905849074	2.9827049842996375e33
1.4104434463452667e11	3.4290405186147736e-7	636129.615608648	2.9827049846724756e33
1.410532711944891e11	3.3412144213200603e-7	613744.0145667401	2.982704985418152e33
1.4105785538761752e11	3.2527746252302285e-7	591364.0796747262	2.9827049857909905e33
1.4106252481313617e11	3.193191292737327e-7	576446.06249881	2.9827049861638286e33
1.41072134632313e11	3.102838752136745e-7	554071.9994656397	2.9827049869095053e33
1.4107708419631393e11	3.0118452994761776e-7	531704.0322793783	2.982704987282343e33
1.410821363431908e11	2.95048117354674e-7	516794.14673716243	2.982704987655181e33
1.4108729627338983e11	2.888640880439436e-7	501886.3967685005	2.982704988028019e33
1.410925696072023e11	2.8263113358907326e-7	486980.82753944513	2.982704988400857e33
1.4109796243111337e11	2.7634791560267264e-7	472077.4865657892	2.982704988773695e33
1.4110348135069107e11	2.7001306672690814e-7	457176.42390767403	2.9827049891465333e33
1.4110913355113925e11	2.6362519191459114e-7	442277.6923862665	2.982704989519372e33
1.4111492687024463e11	2.5718272116765244e-7	427381.34782563354	2.98270498989221e33
1.411208698882073e11	2.5068368804142844e-7	412487.44932508765	2.982704990265049e33
1.4112697202575208e11	2.4412601225741484e-7	397596.0595689808	2.9827049906378863e33
1.4113324365749576e11	2.3750755121627906e-7	382707.24517740245	2.982704991010725e33
1.411396962448854e11	2.3082610410411968e-7	367821.0771041174	2.9827049913835625e33
1.4114634249286115e11	2.240794190302388e-7	352937.63108991855	2.982704991756401e33
1.4114974266828137e11	2.189859640379072e-7	341777.1489083583	2.98270499194282e33
1.411531966905801e11	2.1556158931374005e-7	334337.54435129405	2.9827049921292387e33
1.411602743512721e11	2.103799598075269e-7	323179.2297587758	2.982704992502077e33
1.4116390256668756e11	2.0518145656543978e-7	312023.15287162963	2.982704992688496e33
1.4116759351422415e11	2.0168369199485225e-7	304586.53287727316	2.982704992874915e33
1.4117517392012448e11	1.9638644754896822e-7	293432.76946005033	2.9827049932477536e33
1.4117906920718176e11	1.9107295011154202e-7	282281.4014553573	2.982704993434173e33
1.4118303861625854e11	1.8749453998376706e-7	274847.9765607605	2.9827049936205917e33
1.4118708549682806e11	1.8389479491533447e-7	267415.3876035071	2.9827049938070104e33
1.4119121343720297e11	1.802732394730344e-7	259983.65077774227	2.98270499399343e33
1.4119542628773663e11	1.766293911116165e-7	252552.78302601833	2.982704994179849e33
1.4119972818974573e11	1.7296264552863032e-7	245122.8020938916	2.9827049943662684e33
1.412041236076808e11	1.692723042935502e-7	237693.72659049917	2.9827049945526866e33
1.4120861736376544e11	1.6555764745169953e-7	230265.57605586428	2.982704994739106e33
1.412132146772693e11	1.6181793756883073e-7	222838.37103539033	2.9827049949255253e33
1.4121792120918063e11	1.5805242404823566e-7	215412.1331625398	2.9827049951119446e33
1.4122274311312207e11	1.542603494958718e-7	207986.8852507792	2.982704995298363e33
1.4122768709351523e11	1.5044095898189748e-7	200562.65139614203	2.982704995484782e33
1.4123276047215796e11	1.4659351278662322e-7	193139.45709185232	2.9827049956712015e33
1.4123797126794205e11	1.42717211286569e-7	185717.32935681377	2.982704995857621e33
1.4124063089939462e11	1.397992196516683e-7	180151.5549996861	2.9827049959508305e33
1.4124332826081168e11	1.3783851777449507e-7	176441.3182370712	2.982704996044039e33
1.412488412677069e11	1.348732896455847e-7	170876.38821306563	2.9827049962304583e33
1.4125165952912732e11	1.3190996305647306e-7	165312.3269449071	2.982704996323668e33
1.4125452090031235e11	1.2991736760625424e-7	161603.24879576667	2.9827049964168777e33
1.4126037928134686e11	1.2690156641148587e-7	156040.08236355256	2.982704996603297e33
1.412633794797366e11	1.2389032541553432e-7	150477.83874095196	2.9827049966965067e33
1.4126642943792877e11	1.2186384611524747e-7	146769.9913364554	2.982704996789716e33
1.4126953106294507e11	1.198286217764985e-7	143062.4641328515	2.982704996882925e33
1.4127589775037552e11	1.1674471094658937e-7	137501.66171200617	2.982704997069344e33
1.412791669565249e11	1.1367077440539845e-7	131941.86162732824	2.9827049971625545e33
1.412824966858026e11	1.1159941442432306e-7	128235.67130290122	2.9827049972557635e33
1.4128588951162192e11	1.0951878354687333e-7	124529.8303542421	2.982704997348973e33
1.412886510143903e11	1.0764051382395367e-7	121194.89385895806	2.982704997423541e33
1.412914561367622e11	1.0596253083357367e-7	118230.73761348396	2.982704997498109e33
1.4129720391910983e11	1.0342071275341488e-7	113784.85632695368	2.982704997647244e33
1.413001496018776e11	1.0089395586161446e-7	109339.69840621311	2.9827049977218113e33
1.4130314569953876e11	9.919205701685326e-8	106376.50689968337	2.982704997796379e33
1.413061941513706e11	9.748436048236059e-8	103413.5667032306	2.9827049978709463e33
1.413092970056324e11	9.577099532223783e-8	100450.88218093701	2.982704997945514e33
1.4131245642672482e11	9.405212648918242e-8	97488.45786722425	2.982704998020082e33
1.4131567470268143e11	9.232796238301621e-8	94526.29847649405	2.9827049980946494e33
1.4131895425292685e11	9.059876415823222e-8	91564.40891338447	2.982704998169217e33
1.4132229763616174e11	8.886485751866671e-8	88602.7942836679	2.982704998243785e33
1.4132570755601312e11	8.712670394055051e-8	85641.45990579887	2.9827049983183525e33
1.4132918686251636e11	8.538500268432058e-8	82680.41132291853	2.98270499839292e33
1.413327385552428e11	8.364062965819903e-8	79719.65431498611	2.982704998467488e33
1.4133454239433417e11	8.233953932425185e-8	77499.30976210102	2.982704998504772e33
1.4133636552031952e11	8.146637667265025e-8	76019.15562682616	2.982704998542055e33
1.413400716280261e11	8.014751307106015e-8	73799.03897849136	2.9827049986166225e33
1.413438600152651e11	7.840264140738502e-8	70839.19391053311	2.9827049986911906e33
1.413457859457819e11	7.710754769809925e-8	68619.5480948414	2.9827049987284743e33
1.4134970448477972e11	7.579234962151911e-8	66400.02325326149	2.982704998803042e33
1.413537142936496e11	7.406303623719281e-8	63440.98494588775	2.9827049988776094e33
1.413557541603342e11	7.279051911460464e-8	61221.95802346814	2.982704998914893e33
1.4135781815744388e11	7.193742832791926e-8	59742.6921324622	2.9827049989521774e33
1.4135990669904684e11	7.108993296559034e-8	58263.51263591404	2.982704998989461e33
1.4136416005607178e11	6.981197238846324e-8	56044.874514216805	2.9827049990640287e33
1.4136632426423944e11	6.859824481865148e-8	53826.50339745775	2.982704999101312e33
1.413685142498765e11	6.778871354156713e-8	52347.67988160375	2.982704999138596e33
1.413707301311503e11	6.699442074252355e-8	50868.94799934701	2.98270499917588e33
1.41372971896474e11	6.621879639363281e-8	49390.30882699105	2.982704999213164e33
1.4137523935030014e11	6.546650034551549e-8	47911.76344010082	2.982704999250448e33
1.413775320440497e11	6.474370105299854e-8	46433.31290580649	2.982704999287731e33
1.4138101779070416e11	6.387357999760379e-8	44585.369613817944	2.982704999343657e33
1.413845537500964e11	6.296340979309924e-8	42368.05634815622	2.9827049993995825e33
1.4138693298213443e11	6.238056156160822e-8	40520.48013291504	2.9827049994368674e33
1.413893256798445e11	6.202740146037026e-8	39042.51864829192	2.9827049994741505e33
1.4139052402226562e11	6.19226397287758e-8	37934.12256647143	2.9827049994927927e33
1.4139172259653256e11	6.190961223289846e-8	37195.21689589286	2.9827049995114343e33
1.413929197855147e11	6.198019851767716e-8	36456.33627973396	2.982704999530076e33
1.413941135717389e11	6.215581530038169e-8	35717.48068797802	2.9827049995487186e33
1.4139470822815186e11	6.238881466210362e-8	35163.357708326264	2.9827049995580394e33
1.413953011053532e11	6.257551661136486e-8	34793.948603042336	2.9827049995673596e33
1.4139574439506067e11	6.276819315297712e-8	34470.72105720801	2.982704999574351e33
1.413961864146073e11	6.294816588399411e-8	34193.67234939188	2.9827049995813417e33
1.4139706648710052e11	6.32312901247615e-8	33778.104484145035	2.982704999595323e33
1.4139823191600735e11	6.36644744752716e-8	33131.68167655299	2.982704999613964e33
1.4139881250421332e11	6.3896839428221e-8	32577.623251289242	2.9827049996232855e33
1.4139939235586465e11	6.397747904432919e-8	32208.257034360984	2.9827049996326063e33
1.4139997211947623e11	6.398666957209757e-8	31838.896876192706	2.982704999641927e33
1.4140055239911414e11	6.392924360567635e-8	31469.542775740563	2.9827049996512474e33
1.414009883048344e11	6.382671181890958e-8	31146.363242955587	2.9827049996582387e33
1.414018625626657e11	6.364751906677501e-8	30730.851824534526	2.98270499967222e33
1.414028885147498e11	6.327539813813447e-8	30130.683507675294	2.9827049996885317e33
1.4140377466038757e11	6.279198294706412e-8	29530.53260876616	2.9827049997025126e33
1.4140466821610123e11	6.227047813182725e-8	28976.56105029463	2.982704999716494e33
1.414055702419448e11	6.16849676058211e-8	28422.603494180312	2.982704999730476e33
1.414068490447823e11	6.091385255423187e-8	27757.87138840953	2.98270499975005e33
1.4140883868701437e11	5.96575362914904e-8	26779.27341078962	2.982704999779877e33
1.4141062725656424e11	5.806720486963575e-8	25671.488992584065	2.982704999805976e33
1.414124667229785e11	5.645907377439208e-8	24637.609176850212	2.982704999832074e33
1.4141395224318982e11	5.492897371753838e-8	23714.55022796993	2.9827049998525803e33
1.4141519663708508e11	5.364924545601392e-8	22976.13409722452	2.9827049998693576e33
1.4141632641473465e11	5.252531890842212e-8	22348.502478144055	2.982704999884271e33
1.41417772281545e11	5.1302141134862184e-8	21683.97258824623	2.9827049999029134e33
1.4141986506130875e11	4.9620075529121125e-8	20797.96897026178	2.9827049999290115e33
1.4142078895485535e11	4.816959171873264e-8	20059.676325584896	2.982704999940197e33
1.414223675050503e11	4.698698378691167e-8	19469.057643999353	2.982704999958839e33
1.414230134333845e11	4.593088230038189e-8	18952.289370830702	2.982704999966295e33
1.4142419813641098e11	4.5076118215569935e-8	18538.88230507929	2.9827049999797176e33
1.4142473422952042e11	4.42718815896629e-8	18155.017178191993	2.982704999985683e33
1.4142527642627512e11	4.3773168040485136e-8	17918.79606649243	2.9827049999916486e33
1.4142554987348538e11	4.3396918908865236e-8	17741.63294957775	2.982704999994631e33
1.414258249150181e11	4.314519423840445e-8	17623.525118421232	2.982704999997614e33
1.4142604611243427e11	4.291796512569674e-8	17517.228897273537	2.982705e33
